  200.00     0.00     0.00
  200.00    20.00     0.00
  200.00    40.00     0.00
  200.00    60.00     0.00
  200.00    80.00     0.00
  200.00   100.00     0.00
  200.00   120.00     0.00
  200.00   140.00     0.00
  200.00   160.00     0.00
  200.00   180.00     0.00
  200.00   200.00     0.00
  180.00   200.00     0.00
  160.00   200.00     0.00
  140.00   200.00     0.00
  120.00   200.00     0.00
  100.00   200.00     0.00
   80.00   200.00     0.00
   60.00   200.00     0.00
   40.00   200.00     0.00
   20.00   200.00     0.00
    0.00   200.00     0.00
  200.00     0.00    40.00
  200.00    20.00    40.00
  200.00    40.00    40.00
  200.00    60.00    40.00
  200.00    80.00    40.00
  200.00   100.00    40.00
  200.00   120.00    40.00
  200.00   140.00    40.00
  200.00   160.00    40.00
  200.00   180.00    40.00
  200.00   200.00    40.00
  180.00   200.00    40.00
  160.00   200.00    40.00
  140.00   200.00    40.00
  120.00   200.00    40.00
  100.00   200.00    40.00
   80.00   200.00    40.00
   60.00   200.00    40.00
   40.00   200.00    40.00
   20.00   200.00    40.00
    0.00   200.00    40.00
  200.00     0.00    80.00
  200.00    20.00    80.00
  200.00    40.00    80.00
  200.00    60.00    80.00
  200.00    80.00    80.00
  200.00   100.00    80.00
  200.00   120.00    80.00
  200.00   140.00    80.00
  200.00   160.00    80.00
  200.00   180.00    80.00
  200.00   200.00    80.00
  180.00   200.00    80.00
  160.00   200.00    80.00
  140.00   200.00    80.00
  120.00   200.00    80.00
  100.00   200.00    80.00
   80.00   200.00    80.00
   60.00   200.00    80.00
   40.00   200.00    80.00
   20.00   200.00    80.00
    0.00   200.00    80.00
  200.00     0.00   120.00
  200.00    20.00   120.00
  200.00    40.00   120.00
  200.00    60.00   120.00
  200.00    80.00   120.00
  200.00   100.00   120.00
  200.00   120.00   120.00
  200.00   140.00   120.00
  200.00   160.00   120.00
  200.00   180.00   120.00
  200.00   200.00   120.00
  180.00   200.00   120.00
  160.00   200.00   120.00
  140.00   200.00   120.00
  120.00   200.00   120.00
  100.00   200.00   120.00
   80.00   200.00   120.00
   60.00   200.00   120.00
   40.00   200.00   120.00
   20.00   200.00   120.00
    0.00   200.00   120.00
  200.00     0.00   160.00
  200.00    20.00   160.00
  200.00    40.00   160.00
  200.00    60.00   160.00
  200.00    80.00   160.00
  200.00   100.00   160.00
  200.00   120.00   160.00
  200.00   140.00   160.00
  200.00   160.00   160.00
  200.00   180.00   160.00
  200.00   200.00   160.00
  180.00   200.00   160.00
  160.00   200.00   160.00
  140.00   200.00   160.00
  120.00   200.00   160.00
  100.00   200.00   160.00
   80.00   200.00   160.00
   60.00   200.00   160.00
   40.00   200.00   160.00
   20.00   200.00   160.00
    0.00   200.00   160.00
  200.00     0.00   200.00
  200.00    20.00   200.00
  200.00    40.00   200.00
  200.00    60.00   200.00
  200.00    80.00   200.00
  200.00   100.00   200.00
  200.00   120.00   200.00
  200.00   140.00   200.00
  200.00   160.00   200.00
  200.00   180.00   200.00
  200.00   200.00   200.00
  180.00   200.00   200.00
  160.00   200.00   200.00
  140.00   200.00   200.00
  120.00   200.00   200.00
  100.00   200.00   200.00
   80.00   200.00   200.00
   60.00   200.00   200.00
   40.00   200.00   200.00
   20.00   200.00   200.00
    0.00   200.00   200.00
  200.00     0.00   240.00
  200.00    20.00   240.00
  200.00    40.00   240.00
  200.00    60.00   240.00
  200.00    80.00   240.00
  200.00   100.00   240.00
  200.00   120.00   240.00
  200.00   140.00   240.00
  200.00   160.00   240.00
  200.00   180.00   240.00
  200.00   200.00   240.00
  180.00   200.00   240.00
  160.00   200.00   240.00
  140.00   200.00   240.00
  120.00   200.00   240.00
  100.00   200.00   240.00
   80.00   200.00   240.00
   60.00   200.00   240.00
   40.00   200.00   240.00
   20.00   200.00   240.00
    0.00   200.00   240.00
  200.00     0.00   280.00
  200.00    20.00   280.00
  200.00    40.00   280.00
  200.00    60.00   280.00
  200.00    80.00   280.00
  200.00   100.00   280.00
  200.00   120.00   280.00
  200.00   140.00   280.00
  200.00   160.00   280.00
  200.00   180.00   280.00
  200.00   200.00   280.00
  180.00   200.00   280.00
  160.00   200.00   280.00
  140.00   200.00   280.00
  120.00   200.00   280.00
  100.00   200.00   280.00
   80.00   200.00   280.00
   60.00   200.00   280.00
   40.00   200.00   280.00
   20.00   200.00   280.00
    0.00   200.00   280.00
  180.00     0.00   300.00
  180.00    20.00   300.00
  180.00    40.00   300.00
  180.00    60.00   300.00
  180.00    80.00   300.00
  180.00   100.00   300.00
  180.00   120.00   300.00
  180.00   140.00   300.00
  180.00   160.00   300.00
  180.00   180.00   300.00
  160.00     0.00   300.00
  160.00    20.00   300.00
  160.00    40.00   300.00
  160.00    60.00   300.00
  160.00    80.00   300.00
  160.00   100.00   300.00
  160.00   120.00   300.00
  160.00   140.00   300.00
  160.00   160.00   300.00
  160.00   180.00   300.00
  140.00     0.00   300.00
  140.00    20.00   300.00
  140.00    40.00   300.00
  140.00    60.00   300.00
  140.00    80.00   300.00
  140.00   100.00   300.00
  140.00   120.00   300.00
  140.00   140.00   300.00
  140.00   160.00   300.00
  140.00   180.00   300.00
  120.00     0.00   300.00
  120.00    20.00   300.00
  120.00    40.00   300.00
  120.00    60.00   300.00
  120.00    80.00   300.00
  120.00   100.00   300.00
  120.00   120.00   300.00
  120.00   140.00   300.00
  120.00   160.00   300.00
  120.00   180.00   300.00
  100.00     0.00   300.00
  100.00    20.00   300.00
  100.00    40.00   300.00
  100.00    60.00   300.00
  100.00    80.00   300.00
  100.00   100.00   300.00
  100.00   120.00   300.00
  100.00   140.00   300.00
  100.00   160.00   300.00
  100.00   180.00   300.00
   80.00     0.00   300.00
   80.00    20.00   300.00
   80.00    40.00   300.00
   80.00    60.00   300.00
   80.00    80.00   300.00
   80.00   100.00   300.00
   80.00   120.00   300.00
   80.00   140.00   300.00
   80.00   160.00   300.00
   80.00   180.00   300.00
   60.00     0.00   300.00
   60.00    20.00   300.00
   60.00    40.00   300.00
   60.00    60.00   300.00
   60.00    80.00   300.00
   60.00   100.00   300.00
   60.00   120.00   300.00
   60.00   140.00   300.00
   60.00   160.00   300.00
   60.00   180.00   300.00
   40.00     0.00   300.00
   40.00    20.00   300.00
   40.00    40.00   300.00
   40.00    60.00   300.00
   40.00    80.00   300.00
   40.00   100.00   300.00
   40.00   120.00   300.00
   40.00   140.00   300.00
   40.00   160.00   300.00
   40.00   180.00   300.00
   20.00     0.00   300.00
   20.00    20.00   300.00
   20.00    40.00   300.00
   20.00    60.00   300.00
   20.00    80.00   300.00
   20.00   100.00   300.00
   20.00   120.00   300.00
   20.00   140.00   300.00
   20.00   160.00   300.00
   20.00   180.00   300.00
    0.00     0.00   300.00
    0.00    20.00   300.00
    0.00    40.00   300.00
    0.00    60.00   300.00
    0.00    80.00   300.00
    0.00   100.00   300.00
    0.00   120.00   300.00
    0.00   140.00   300.00
    0.00   160.00   300.00
    0.00   180.00   300.00