214.2627 297.7435
226.6419 306.8645
228.3564 314.3918
239.4772 323.9749
245.2069 329.7931
251.7734 339.0150
261.5213 347.0148
272.9432 357.1872
281.9947 368.0102
291.8626 375.3146
298.1362 388.3383
311.3673 379.1758
323.2379 365.9815
335.3904 361.6404
346.5074 354.8716
360.2696 347.9236
369.5172 338.1977
379.8929 333.6778
387.4355 325.3209
400.9237 318.4992
407.9839 310.0333
212.0901 278.1616
219.1443 287.6034
227.2039 295.1391
234.1477 302.5981
244.1152 313.2368
256.6909 322.4714
262.3081 329.9645
270.0116 340.1539
278.0702 347.8289
287.9791 355.6716
296.1912 368.2594
313.7147 358.9413
324.8774 349.3365
335.6974 343.2797
348.6357 335.0236
359.7896 327.6392
371.5273 321.6397
381.0375 313.8731
393.0624 304.6439
401.2304 297.4244
415.0195 290.8032
208.6511 256.8024
214.8169 265.6893
224.9358 275.1429
231.5347 284.7544
240.0210 291.4141
250.9851 297.5663
260.1435 310.1258
270.6051 315.3554
279.7755 327.3520
288.3023 335.7659
301.4874 348.3749
313.8921 340.5014
323.3914 328.0448
334.6151 322.1824
349.3163 316.7477
360.0173 309.1191
375.4805 298.2058
382.3884 292.9032
393.4496 286.1679
401.9211 276.6238
413.3958 273.2518
203.6111 236.6953
215.8239 245.8726
221.0385 252.3458
230.3566 261.7000
240.3104 267.4862
248.6852 279.4726
257.1216 288.0900
267.6486 296.0621
276.4607 304.6679
284.8566 314.9760
297.5025 324.7114
309.7859 316.5802
324.8709 310.3729
334.2357 300.6528
353.9683 293.9730
359.1430 285.2194
375.8302 280.8483
383.4473 271.8709
392.8717 262.2108
408.5676 254.2701
419.7229 249.9467
200.7737 214.0944
210.9402 221.6926
218.7482 226.9443
226.7713 237.1103
239.1937 244.7587
244.7044 255.8364
252.6670 262.8293
267.2355 271.0881
272.1973 280.5274
286.6919 289.9880
296.4982 304.5064
312.5046 294.8237
324.1428 284.2479
339.7706 277.5727
349.4106 268.4992
362.7720 263.1737
376.7594 252.9627
382.6627 247.7372
397.5167 241.4404
411.5618 231.8819
420.3446 226.3398
200.4723 188.2304
203.9006 197.1975
218.0944 205.5448
225.8143 214.8222
236.7728 221.5648
242.7855 231.8273
252.9463 241.2137
262.5468 246.2449
274.2960 257.4952
284.0709 264.7642
294.7163 274.3356
311.1519 268.6205
321.4218 259.8697
338.9751 253.4652
349.2695 242.8633
366.5465 234.7863
378.4907 229.8809
389.0922 223.6416
399.4490 215.3312
413.6005 210.8193
422.1625 202.9867
194.1017 162.2468
202.9518 171.4068
210.1890 176.9942
222.7313 185.2530
228.9171 192.3729
239.3358 202.4205
251.4692 210.6034
261.5078 219.5031
275.5043 227.8791
284.0675 238.8301
295.2672 249.4662
309.7382 241.6813
323.4748 233.0268
338.1092 225.4620
349.5506 216.7093
367.2914 209.1885
378.8066 202.3321
391.1694 195.1922
405.0137 189.8630
418.6105 180.6451
425.8887 173.9485
190.6391 136.9769
198.7865 139.4586
204.4807 149.3286
219.0676 160.0787
227.1381 165.4711
235.8207 174.9621
248.1482 181.6205
260.5342 191.8468
269.8906 202.6273
280.9730 211.2296
294.4923 218.6540
310.4136 212.4433
326.4103 204.3822
339.3481 194.6801
356.6628 191.1850
370.0289 182.3334
381.2959 173.9620
392.4893 167.3447
405.6130 158.6835
420.4840 152.4736
432.1126 146.1391
203.3100 115.9957
214.4354 119.8823
220.8359 129.6555
229.8836 136.3045
240.7509 144.0633
251.9486 153.2706
261.2888 161.7058
271.6084 166.6652
288.0217 178.6630
294.8139 187.3439
215.8914 109.1532
223.8565 115.1520
235.7249 125.6667
244.9040 127.2523
254.6654 135.8905
268.4160 143.9692
279.9898 156.9227
286.7408 160.9966
300.9023 169.1679
310.1501 179.6080
229.5237 105.0909
241.5315 110.1283
250.1675 116.8528
256.7645 127.1922
270.3451 129.0821
281.8527 138.8061
291.6739 148.0260
303.8897 154.7308
313.0304 161.9955
327.6743 171.7407
244.4927  98.7038
253.1034 105.0803
262.9942 113.3344
275.7982 115.1014
283.5038 123.8189
293.4988 132.3171
304.9314 140.3516
317.2036 147.9699
329.5476 158.1213
343.9157 163.1083
260.3885  91.4438
266.4187 100.7462
275.2214 105.3153
285.9914 111.8974
297.8771 119.4638
311.2144 127.1776
318.4451 135.6158
331.5609 140.4623
342.2529 150.3635
355.2018 158.3350
268.4737  85.1701
281.2330  94.5009
291.6358  98.8180
300.0184 108.0545
310.1005 113.1572
323.9120 122.0720
333.1392 130.3583
342.9650 136.9984
356.7711 140.6000
370.6637 150.1514
284.8415  80.5483
293.8959  89.2633
303.1703  95.0482
312.5798 101.4263
323.9471 106.6976
335.0187 115.4716
348.2615 123.9630
355.5182 128.1082
371.5315 135.9246
385.3270 144.6995
292.6090  76.5982
307.6355  85.0582
319.0454  92.5689
323.3448  95.8130
339.0463 103.6323
346.6018 111.2552
359.8982 115.2735
370.8879 123.8657
384.3081 128.3757
397.7935 137.2198
306.9763  72.2291
319.4334  79.0524
326.5562  86.0455
337.5161  88.3266
346.8070  95.3493
360.3003 102.3904
370.3707 109.5776
380.7622 115.2074
395.5562 124.5038
410.0194 131.1964
318.9391  68.1105
329.5961  75.3386
339.3631  76.9865
352.8628  84.4786
361.5450  90.7504
371.9722  98.7336
383.3529 104.8373
396.9850 112.3690
411.7756 116.6509
422.8237 124.7486