0.0 0.0 1.0 168.10951 77.197716
50.0 0.0 1.0 208.87448 85.189186
100.0 0.0 1.0 249.6835 93.23044
150.0 0.0 1.0 292.7149 101.416176
200.0 0.0 1.0 336.61084 109.24578
250.0 0.0 1.0 378.93976 117.194244
300.0 0.0 1.0 421.5567 125.118164
0.0 50.0 1.0 157.55363 114.37246
50.0 50.0 1.0 199.1738 122.49881
100.0 50.0 1.0 240.64447 130.61833
150.0 50.0 1.0 284.45392 139.25093
200.0 50.0 1.0 329.03763 147.63857
250.0 50.0 1.0 371.95593 155.78888
300.0 50.0 1.0 415.19278 163.9554
0.0 100.0 1.0 146.8412 152.3927
50.0 100.0 1.0 189.12093 160.7341
100.0 100.0 1.0 231.46637 169.17932
150.0 100.0 1.0 275.91165 178.07951
200.0 100.0 1.0 321.26822 186.85056
250.0 100.0 1.0 364.5494 195.31888
300.0 100.0 1.0 408.43124 203.80902
0.0 150.0 1.0 135.95119 191.62675
50.0 150.0 1.0 178.97327 200.34448
100.0 150.0 1.0 221.79321 208.94418
150.0 150.0 1.0 267.15866 218.2188
200.0 150.0 1.0 313.09436 227.29688
250.0 150.0 1.0 357.11005 235.9868
300.0 150.0 1.0 401.5503 244.87964
0.0 200.0 1.0 124.57101 232.5469
50.0 200.0 1.0 168.30061 241.4042
100.0 200.0 1.0 212.13612 250.27559
150.0 200.0 1.0 258.16345 259.50888
200.0 200.0 1.0 304.82166 268.93396
250.0 200.0 1.0 349.468 278.09848
300.0 200.0 1.0 394.7066 287.4694
0.0 250.0 1.0 112.36403 274.72836
50.0 250.0 1.0 157.01285 283.78165
100.0 250.0 1.0 201.53372 292.62253
150.0 250.0 1.0 248.64662 302.48773
200.0 250.0 1.0 296.03793 312.19577
250.0 250.0 1.0 341.56046 321.62482
300.0 250.0 1.0 387.43192 331.57196
0.0 300.0 1.0 99.57643 318.68427
50.0 300.0 1.0 145.07576 327.81888
100.0 300.0 1.0 190.57909 337.08063
150.0 300.0 1.0 238.59027 346.81418
200.0 300.0 1.0 286.73483 356.97836
250.0 300.0 1.0 333.0503 367.11
300.0 300.0 1.0 379.97574 377.4731